- run_mode=eval
- custom.d1=-0.8645318339371939
- custom.d2=-1.7691529545933533
- custom.Vinf=14.0
- custom.alpha=3.0
