- run_mode=eval
- custom.d1=-0.7678161698017872
- custom.d2=-2.078062161516368
- custom.Vinf=14.0
- custom.alpha=3.0
