- run_mode=eval
- custom.d1=-0.9932136554086359
- custom.d2=-1.912448456931401
- custom.Vinf=14.0
- custom.alpha=3.0
