- run_mode=eval
- custom.d1=-1.6035237741018522
- custom.d2=-1.1264512459068965
- custom.Vinf=14.0
- custom.alpha=3.0
