- run_mode=eval
- custom.d1=-0.653029144710877
- custom.d2=1.0462237980759324
- custom.Vinf=14.0
- custom.alpha=3.0
