- run_mode=eval
- custom.d1=-1.569571435482768
- custom.d2=-1.1161109873665749
- custom.Vinf=14.0
- custom.alpha=3.0
