- run_mode=eval
- custom.d1=-1.2311526110649038
- custom.d2=-1.7645109576484923
- custom.Vinf=14.0
- custom.alpha=3.0
