- run_mode=eval
- custom.d1=0.0763118572069793
- custom.d2=1.5575633919761191
- custom.Vinf=14.0
- custom.alpha=3.0
