- run_mode=eval
- custom.d1=-1.6091180641874738
- custom.d2=-1.2723584304487148
- custom.Vinf=14.0
- custom.alpha=3.0
