- run_mode=eval
- custom.d1=-0.15216415088375496
- custom.d2=1.6835829308862331
- custom.Vinf=14.0
- custom.alpha=3.0
