- run_mode=eval
- custom.d1=-1.9582963171930947
- custom.d2=-0.5848592511186518
- custom.Vinf=14.0
- custom.alpha=3.0
