- run_mode=eval
- custom.d1=-1.073416320325013
- custom.d2=0.8270189327844523
- custom.Vinf=14.0
- custom.alpha=3.0
