- run_mode=eval
- custom.d1=-2.650913599521016
- custom.d2=0.33584500711992127
- custom.Vinf=14.0
- custom.alpha=3.0
