- run_mode=eval
- custom.d1=-1.194769316673773
- custom.d2=-1.833573292828231
- custom.Vinf=14.0
- custom.alpha=3.0
