- run_mode=eval
- custom.d1=-0.5754387059225485
- custom.d2=3.3391596948551028
- custom.Vinf=14.0
- custom.alpha=3.0
