- run_mode=eval
- custom.d1=-1.5011686186099709
- custom.d2=-1.3927634930705226
- custom.Vinf=14.0
- custom.alpha=3.0
