- run_mode=eval
- custom.d1=0.23606192273740528
- custom.d2=1.5330013936632538
- custom.Vinf=14.0
- custom.alpha=3.0
