- run_mode=eval
- custom.d1=-1.6039628886378459
- custom.d2=-1.2371856110586306
- custom.Vinf=14.0
- custom.alpha=3.0
