- run_mode=eval
- custom.d1=-1.8624425284479302
- custom.d2=-0.7123764672934365
- custom.Vinf=14.0
- custom.alpha=3.0
