- run_mode=eval
- custom.d1=-1.2106741204227973
- custom.d2=-1.7354751816408862
- custom.Vinf=14.0
- custom.alpha=3.0
