- run_mode=eval
- custom.d1=-1.2344229178526884
- custom.d2=-1.7831284894244135
- custom.Vinf=14.0
- custom.alpha=3.0
