- run_mode=eval
- custom.d1=-0.6069478125566575
- custom.d2=-2.5026104572369485
- custom.Vinf=14.0
- custom.alpha=3.0
