- run_mode=eval
- custom.d1=-1.5900831055285765
- custom.d2=-0.556457608006251
- custom.Vinf=14.0
- custom.alpha=3.0
