- run_mode=eval
- custom.d1=-1.2132960706966769
- custom.d2=-1.805409250103799
- custom.Vinf=14.0
- custom.alpha=3.0
