- run_mode=eval
- custom.d1=-1.1707966479199388
- custom.d2=-1.8236732716567636
- custom.Vinf=14.0
- custom.alpha=3.0
