- run_mode=eval
- custom.d1=-1.7698534154141496
- custom.d2=0.18015318147561943
- custom.Vinf=14.0
- custom.alpha=3.0
