- run_mode=eval
- custom.d1=-1.2680934011029787
- custom.d2=-1.677029807472108
- custom.Vinf=14.0
- custom.alpha=3.0
