- run_mode=eval
- custom.d1=-2.3400448913116243
- custom.d2=-0.20034908110226546
- custom.Vinf=14.0
- custom.alpha=3.0
