- run_mode=eval
- custom.d1=-0.4497301680391599
- custom.d2=0.4088837047928363
- custom.Vinf=14.0
- custom.alpha=3.0
