- run_mode=eval
- custom.d1=-0.9646041310679069
- custom.d2=-2.1026427232123375
- custom.Vinf=14.0
- custom.alpha=3.0
