- run_mode=eval
- custom.d1=-2.3861107359098632
- custom.d2=0.6316193709585005
- custom.Vinf=14.0
- custom.alpha=3.0
