- run_mode=eval
- custom.d1=-1.2091440170094654
- custom.d2=-1.8118285202494289
- custom.Vinf=14.0
- custom.alpha=3.0
