- run_mode=eval
- custom.d1=-1.0713420385410943
- custom.d2=-1.850829683753804
- custom.Vinf=14.0
- custom.alpha=3.0
