- run_mode=eval
- custom.d1=-1.7045872391638937
- custom.d2=0.4583598263467784
- custom.Vinf=14.0
- custom.alpha=3.0
