- run_mode=eval
- custom.d1=-2.002016429270916
- custom.d2=0.08173370038938543
- custom.Vinf=14.0
- custom.alpha=3.0
