- run_mode=eval
- custom.d1=-1.222539548119793
- custom.d2=-1.7877849531288064
- custom.Vinf=14.0
- custom.alpha=3.0
