- run_mode=eval
- custom.d1=-0.631902009539532
- custom.d2=1.7137364801109678
- custom.Vinf=14.0
- custom.alpha=3.0
