- run_mode=eval
- custom.d1=-1.536122126345922
- custom.d2=-1.2437894695443368
- custom.Vinf=14.0
- custom.alpha=3.0
