- run_mode=eval
- custom.d1=-1.1821700235618533
- custom.d2=-1.8482631342748457
- custom.Vinf=14.0
- custom.alpha=3.0
