- run_mode=eval
- custom.d1=0.3388643008823368
- custom.d2=1.2014312823316122
- custom.Vinf=14.0
- custom.alpha=3.0
