- run_mode=eval
- custom.d1=-1.1941065122015662
- custom.d2=-1.856356716512064
- custom.Vinf=14.0
- custom.alpha=3.0
