- run_mode=eval
- custom.d1=-1.5228785758867103
- custom.d2=0.4359235027139994
- custom.Vinf=14.0
- custom.alpha=3.0
