- run_mode=eval
- custom.d1=-1.0038680877640684
- custom.d2=-1.891474547248686
- custom.Vinf=14.0
- custom.alpha=3.0
