- run_mode=eval
- custom.d1=-0.39938658779185343
- custom.d2=1.5211998977540613
- custom.Vinf=14.0
- custom.alpha=3.0
