- run_mode=eval
- custom.d1=1.154308509735373
- custom.d2=0.3414461953778982
- custom.Vinf=14.0
- custom.alpha=3.0
