- run_mode=eval
- custom.d1=-0.8956589662369189
- custom.d2=-1.224785053688576
- custom.Vinf=14.0
- custom.alpha=3.0
