- run_mode=eval
- custom.d1=-1.272674182972209
- custom.d2=-1.6231402832518227
- custom.Vinf=14.0
- custom.alpha=3.0
