- run_mode=eval
- custom.d1=-1.1861704722109276
- custom.d2=0.7150388455863689
- custom.Vinf=14.0
- custom.alpha=3.0
