- run_mode=eval
- custom.d1=-0.6106620069234466
- custom.d2=-1.8744394427326683
- custom.Vinf=14.0
- custom.alpha=3.0
