- run_mode=eval
- custom.d1=-1.4225948887430646
- custom.d2=-1.2211848908636718
- custom.Vinf=14.0
- custom.alpha=3.0
