- run_mode=eval
- custom.d1=-1.5978213693443586
- custom.d2=-0.7538851394459608
- custom.Vinf=14.0
- custom.alpha=3.0
