- run_mode=eval
- custom.d1=-1.3497748798131632
- custom.d2=-1.3520686205858254
- custom.Vinf=14.0
- custom.alpha=3.0
