- run_mode=eval
- custom.d1=-1.4153808159812051
- custom.d2=-0.06387243211461391
- custom.Vinf=14.0
- custom.alpha=3.0
