- run_mode=eval
- custom.d1=-1.1963795434138373
- custom.d2=-1.8272275256245212
- custom.Vinf=14.0
- custom.alpha=3.0
