- run_mode=eval
- custom.d1=-0.30165537708282497
- custom.d2=-2.9284995766608164
- custom.Vinf=14.0
- custom.alpha=3.0
