- run_mode=eval
- custom.d1=-2.038292269658384
- custom.d2=0.9009607617153501
- custom.Vinf=14.0
- custom.alpha=3.0
