- run_mode=eval
- custom.d1=-0.6674883673347817
- custom.d2=-2.3691580087513726
- custom.Vinf=14.0
- custom.alpha=3.0
