- run_mode=eval
- custom.d1=-1.2281623385130562
- custom.d2=-1.7341486650192075
- custom.Vinf=14.0
- custom.alpha=3.0
