- run_mode=eval
- custom.d1=-1.2210377964395027
- custom.d2=-1.801146594106155
- custom.Vinf=14.0
- custom.alpha=3.0
