- run_mode=eval
- custom.d1=-1.2166118159483006
- custom.d2=-1.7551459060220695
- custom.Vinf=14.0
- custom.alpha=3.0
