- run_mode=eval
- custom.d1=-1.1040732133762483
- custom.d2=-1.849466385665257
- custom.Vinf=14.0
- custom.alpha=3.0
