- run_mode=eval
- custom.d1=-1.1318811081440041
- custom.d2=-1.7626701720763074
- custom.Vinf=14.0
- custom.alpha=3.0
