- run_mode=eval
- custom.d1=-2.0002288755945994
- custom.d2=0.5940375764392867
- custom.Vinf=14.0
- custom.alpha=3.0
