- run_mode=eval
- custom.d1=-1.2223423297606164
- custom.d2=-1.7760781678016542
- custom.Vinf=14.0
- custom.alpha=3.0
