- run_mode=eval
- custom.d1=-1.1491713794268263
- custom.d2=-1.814592416249897
- custom.Vinf=14.0
- custom.alpha=3.0
