- run_mode=eval
- custom.d1=-0.4470545204200947
- custom.d2=1.1457412013723216
- custom.Vinf=14.0
- custom.alpha=3.0
