- run_mode=eval
- custom.d1=0.972585294473443
- custom.d2=2.309047446919744
- custom.Vinf=14.0
- custom.alpha=3.0
