- run_mode=eval
- custom.d1=-1.6247305187397556
- custom.d2=-0.9466521756331638
- custom.Vinf=14.0
- custom.alpha=3.0
