- run_mode=eval
- custom.d1=-1.207399485149155
- custom.d2=-1.8055282440254732
- custom.Vinf=14.0
- custom.alpha=3.0
