- run_mode=eval
- custom.d1=-1.2267507617802216
- custom.d2=-1.7664642031897047
- custom.Vinf=14.0
- custom.alpha=3.0
