- run_mode=eval
- custom.d1=-1.1810843047040542
- custom.d2=-1.8731228926317915
- custom.Vinf=14.0
- custom.alpha=3.0
