- run_mode=eval
- custom.d1=-0.0662509984838375
- custom.d2=1.7902701005648853
- custom.Vinf=14.0
- custom.alpha=3.0
