- run_mode=eval
- custom.d1=-1.047909101136024
- custom.d2=1.390727931336096
- custom.Vinf=14.0
- custom.alpha=3.0
