- run_mode=eval
- custom.d1=-0.612902005322702
- custom.d2=-2.000768600545709
- custom.Vinf=14.0
- custom.alpha=3.0
