- run_mode=eval
- custom.d1=-1.2368744551679423
- custom.d2=-1.6763823888258536
- custom.Vinf=14.0
- custom.alpha=3.0
