- run_mode=eval
- custom.d1=-1.373608314988263
- custom.d2=-1.2783904562104387
- custom.Vinf=14.0
- custom.alpha=3.0
