- run_mode=eval
- custom.d1=-1.1199800522511476
- custom.d2=-0.4234478036715628
- custom.Vinf=14.0
- custom.alpha=3.0
