- run_mode=eval
- custom.d1=-1.1281707683634903
- custom.d2=-1.544544861379833
- custom.Vinf=14.0
- custom.alpha=3.0
