- run_mode=eval
- custom.d1=-1.972221518198627
- custom.d2=-0.5706183122950721
- custom.Vinf=14.0
- custom.alpha=3.0
