- run_mode=eval
- custom.d1=-0.6595692983578034
- custom.d2=-2.5441816864772053
- custom.Vinf=14.0
- custom.alpha=3.0
