- run_mode=eval
- custom.d1=-1.7337664633601069
- custom.d2=-1.018962198011254
- custom.Vinf=14.0
- custom.alpha=3.0
