- run_mode=eval
- custom.d1=-1.2938134922772802
- custom.d2=2.5043341162764894
- custom.Vinf=14.0
- custom.alpha=3.0
