- run_mode=eval
- custom.d1=-1.226306540977096
- custom.d2=-1.7575898621374002
- custom.Vinf=14.0
- custom.alpha=3.0
