- run_mode=eval
- custom.d1=-1.2352495026277928
- custom.d2=-1.7302537702900442
- custom.Vinf=14.0
- custom.alpha=3.0
