- run_mode=eval
- custom.d1=-1.8055081405840432
- custom.d2=-0.6148367773653675
- custom.Vinf=14.0
- custom.alpha=3.0
