- run_mode=eval
- custom.d1=-1.8203172074440395
- custom.d2=1.6349941521049722
- custom.Vinf=14.0
- custom.alpha=3.0
