- run_mode=eval
- custom.d1=-0.5519096933420893
- custom.d2=1.9334717060891562
- custom.Vinf=14.0
- custom.alpha=3.0
