- run_mode=eval
- custom.d1=-0.7584472612967409
- custom.d2=-2.1122531044123365
- custom.Vinf=14.0
- custom.alpha=3.0
