- run_mode=eval
- custom.d1=-1.6517632602217485
- custom.d2=0.15361772438520283
- custom.Vinf=14.0
- custom.alpha=3.0
