- run_mode=eval
- custom.d1=-1.3634349097840956
- custom.d2=-1.5250750401663142
- custom.Vinf=14.0
- custom.alpha=3.0
