- run_mode=eval
- custom.d1=-1.1973212484676659
- custom.d2=-1.8304836100636537
- custom.Vinf=14.0
- custom.alpha=3.0
