- run_mode=eval
- custom.d1=-1.2322093600397908
- custom.d2=-1.7256395465033338
- custom.Vinf=14.0
- custom.alpha=3.0
