- run_mode=eval
- custom.d1=-1.2268240183994086
- custom.d2=-1.7637845093575615
- custom.Vinf=14.0
- custom.alpha=3.0
