- run_mode=eval
- custom.d1=-2.1229317076291685
- custom.d2=-0.22314262865051104
- custom.Vinf=14.0
- custom.alpha=3.0
