- run_mode=eval
- custom.d1=-1.2870454962939961
- custom.d2=-0.8215203360036416
- custom.Vinf=14.0
- custom.alpha=3.0
