- run_mode=eval
- custom.d1=-0.9810975859929416
- custom.d2=-1.8715218947971488
- custom.Vinf=14.0
- custom.alpha=3.0
