- run_mode=eval
- custom.d1=-1.7752326872137505
- custom.d2=0.16840627729672986
- custom.Vinf=14.0
- custom.alpha=3.0
