- run_mode=eval
- custom.d1=-0.096536565158651
- custom.d2=1.4556372826248762
- custom.Vinf=14.0
- custom.alpha=3.0
