- run_mode=eval
- custom.d1=-1.1943536461409978
- custom.d2=-1.8158463731754977
- custom.Vinf=14.0
- custom.alpha=3.0
