- run_mode=eval
- custom.d1=-1.7435422217398346
- custom.d2=-1.054105155623486
- custom.Vinf=14.0
- custom.alpha=3.0
