- run_mode=eval
- custom.d1=-0.40509765769938355
- custom.d2=2.0922659921626114
- custom.Vinf=14.0
- custom.alpha=3.0
