- run_mode=eval
- custom.d1=-1.1374206582483917
- custom.d2=2.004690891894222
- custom.Vinf=14.0
- custom.alpha=3.0
