- run_mode=eval
- custom.d1=-1.21573618817678
- custom.d2=-1.7508131459366187
- custom.Vinf=14.0
- custom.alpha=3.0
