- run_mode=eval
- custom.d1=-0.009369456060932757
- custom.d2=1.0231184280196988
- custom.Vinf=14.0
- custom.alpha=3.0
