- run_mode=eval
- custom.d1=-1.2414117722360236
- custom.d2=-1.6494207709853361
- custom.Vinf=14.0
- custom.alpha=3.0
