- run_mode=eval
- custom.d1=-1.216231692293683
- custom.d2=-1.7782028769229112
- custom.Vinf=14.0
- custom.alpha=3.0
