- run_mode=eval
- custom.d1=-1.4219388795299426
- custom.d2=-0.6218688379838774
- custom.Vinf=14.0
- custom.alpha=3.0
