- run_mode=eval
- custom.d1=-1.173246921194937
- custom.d2=-1.8616823181283053
- custom.Vinf=14.0
- custom.alpha=3.0
