- run_mode=eval
- custom.d1=-1.2308263761680376
- custom.d2=0.21497337415693107
- custom.Vinf=14.0
- custom.alpha=3.0
