- run_mode=eval
- custom.d1=-1.24904697581007
- custom.d2=-1.7078662700095337
- custom.Vinf=14.0
- custom.alpha=3.0
