- run_mode=eval
- custom.d1=-0.007947855576389551
- custom.d2=-0.8487684594019886
- custom.Vinf=14.0
- custom.alpha=3.0
