- run_mode=eval
- custom.d1=-1.2428936407715268
- custom.d2=-1.7430384148200948
- custom.Vinf=14.0
- custom.alpha=3.0
