- run_mode=eval
- custom.d1=-1.1799077380170808
- custom.d2=-1.8245691175677414
- custom.Vinf=14.0
- custom.alpha=3.0
