- run_mode=eval
- custom.d1=-1.2309266165100727
- custom.d2=-1.7502433608533585
- custom.Vinf=14.0
- custom.alpha=3.0
