- run_mode=eval
- custom.d1=-1.9460078046957152
- custom.d2=0.2656605549930763
- custom.Vinf=14.0
- custom.alpha=3.0
