- run_mode=eval
- custom.d1=-2.40447937324007
- custom.d2=0.0008488297321356253
- custom.Vinf=14.0
- custom.alpha=3.0
