- run_mode=eval
- custom.d1=-1.0186636159422886
- custom.d2=-1.9569969728283678
- custom.Vinf=14.0
- custom.alpha=3.0
