- run_mode=eval
- custom.d1=-0.8628062333453144
- custom.d2=-2.231077311627975
- custom.Vinf=14.0
- custom.alpha=3.0
