- run_mode=eval
- custom.d1=-1.5853430562402029
- custom.d2=-1.0258029320179105
- custom.Vinf=14.0
- custom.alpha=3.0
