- run_mode=eval
- custom.d1=-1.232060096015601
- custom.d2=-1.7324182332474587
- custom.Vinf=14.0
- custom.alpha=3.0
