- run_mode=eval
- custom.d1=-1.2020392609331723
- custom.d2=-1.8053713478279263
- custom.Vinf=14.0
- custom.alpha=3.0
