- run_mode=eval
- custom.d1=-1.7895657658801636
- custom.d2=0.3689324000550893
- custom.Vinf=14.0
- custom.alpha=3.0
