- run_mode=eval
- custom.d1=-1.3145198520831112
- custom.d2=-1.5739773135136348
- custom.Vinf=14.0
- custom.alpha=3.0
