- run_mode=eval
- custom.d1=-2.127705525790944
- custom.d2=-0.6757025700613916
- custom.Vinf=14.0
- custom.alpha=3.0
