- run_mode=eval
- custom.d1=-1.7185785265220406
- custom.d2=-0.3024847363840055
- custom.Vinf=14.0
- custom.alpha=3.0
