- run_mode=eval
- custom.d1=-1.4286015452136407
- custom.d2=-1.3652141504236976
- custom.Vinf=14.0
- custom.alpha=3.0
