- run_mode=eval
- custom.d1=-1.242987616857178
- custom.d2=-1.734290954869658
- custom.Vinf=14.0
- custom.alpha=3.0
