- run_mode=eval
- custom.d1=-1.3632924817350969
- custom.d2=-1.5556482912339498
- custom.Vinf=14.0
- custom.alpha=3.0
