- run_mode=eval
- custom.d1=-1.7414832259327806
- custom.d2=-0.44431118286958904
- custom.Vinf=14.0
- custom.alpha=3.0
