- run_mode=eval
- custom.d1=-1.442061927379864
- custom.d2=-1.4940421602406595
- custom.Vinf=14.0
- custom.alpha=3.0
