- run_mode=eval
- custom.d1=-1.1861699873012186
- custom.d2=-1.8123484699260133
- custom.Vinf=14.0
- custom.alpha=3.0
