- run_mode=eval
- custom.d1=-2.0692457112138745
- custom.d2=-0.1472411647208095
- custom.Vinf=14.0
- custom.alpha=3.0
