- run_mode=eval
- custom.d1=-1.0460112560288746
- custom.d2=-1.8162377991056164
- custom.Vinf=14.0
- custom.alpha=3.0
