- run_mode=eval
- custom.d1=-1.9536623458601625
- custom.d2=-0.4674879708939778
- custom.Vinf=14.0
- custom.alpha=3.0
