- run_mode=eval
- custom.d1=0.3753459323767307
- custom.d2=1.495994621719679
- custom.Vinf=14.0
- custom.alpha=3.0
