- run_mode=eval
- custom.d1=-1.2801478517359606
- custom.d2=-1.476035896497424
- custom.Vinf=14.0
- custom.alpha=3.0
