- run_mode=eval
- custom.d1=-0.8052243371616643
- custom.d2=1.3113389975514034
- custom.Vinf=14.0
- custom.alpha=3.0
