- run_mode=eval
- custom.d1=-1.2020679589864263
- custom.d2=-1.8056334403787073
- custom.Vinf=14.0
- custom.alpha=3.0
