- run_mode=eval
- custom.d1=1.0353721526081887
- custom.d2=2.0220913850808477
- custom.Vinf=14.0
- custom.alpha=3.0
