- run_mode=eval
- custom.d1=-1.3137480755029416
- custom.d2=-1.6096542431377323
- custom.Vinf=14.0
- custom.alpha=3.0
