- run_mode=eval
- custom.d1=-1.2439967670104348
- custom.d2=-1.7265967636911541
- custom.Vinf=14.0
- custom.alpha=3.0
