- run_mode=eval
- custom.d1=-0.9803612125442442
- custom.d2=-1.9293265741113506
- custom.Vinf=14.0
- custom.alpha=3.0
