- run_mode=eval
- custom.d1=-0.6972419788818125
- custom.d2=-2.1258702927547097
- custom.Vinf=14.0
- custom.alpha=3.0
