- run_mode=eval
- custom.d1=-1.200026384489946
- custom.d2=-1.8128684871510783
- custom.Vinf=14.0
- custom.alpha=3.0
