- run_mode=eval
- custom.d1=-1.2359290186460907
- custom.d2=-1.7550831527523667
- custom.Vinf=14.0
- custom.alpha=3.0
