- run_mode=eval
- custom.d1=-1.2205859192466773
- custom.d2=-1.7930990706899996
- custom.Vinf=14.0
- custom.alpha=3.0
