- run_mode=eval
- custom.d1=-2.0810643072299855
- custom.d2=-0.09373492739516182
- custom.Vinf=14.0
- custom.alpha=3.0
