- run_mode=eval
- custom.d1=-1.1495838653898955
- custom.d2=-0.7036759414050854
- custom.Vinf=14.0
- custom.alpha=3.0
