- run_mode=eval
- custom.d1=-1.3262653263033044
- custom.d2=-1.5406219791316444
- custom.Vinf=14.0
- custom.alpha=3.0
