- run_mode=eval
- custom.d1=-1.387386122337517
- custom.d2=-1.3474250174376605
- custom.Vinf=14.0
- custom.alpha=3.0
