- run_mode=eval
- custom.d1=-1.186031596126244
- custom.d2=-1.708823892681248
- custom.Vinf=14.0
- custom.alpha=3.0
