- run_mode=eval
- custom.d1=-1.2179232605154666
- custom.d2=-1.6550162383654332
- custom.Vinf=14.0
- custom.alpha=3.0
