- run_mode=eval
- custom.d1=-0.8580365392099032
- custom.d2=-1.9590573089988357
- custom.Vinf=14.0
- custom.alpha=3.0
