- run_mode=eval
- custom.d1=-2.306462133816941
- custom.d2=0.5706252014293726
- custom.Vinf=14.0
- custom.alpha=3.0
