- run_mode=eval
- custom.d1=-0.23131609231858774
- custom.d2=2.0437033432918748
- custom.Vinf=14.0
- custom.alpha=3.0
