- run_mode=eval
- custom.d1=-1.209126446104917
- custom.d2=-1.8324900107123325
- custom.Vinf=14.0
- custom.alpha=3.0
