- run_mode=eval
- custom.d1=-1.2595532615147707
- custom.d2=-1.7116152479715274
- custom.Vinf=14.0
- custom.alpha=3.0
