- run_mode=eval
- custom.d1=-1.014999379264746
- custom.d2=1.7638681142895463
- custom.Vinf=14.0
- custom.alpha=3.0
