- run_mode=eval
- custom.d1=0.09876060322992486
- custom.d2=1.453209627915392
- custom.Vinf=14.0
- custom.alpha=3.0
