- run_mode=eval
- custom.d1=-1.8562999703908512
- custom.d2=-0.916312795807414
- custom.Vinf=14.0
- custom.alpha=3.0
