- run_mode=eval
- custom.d1=-1.2203051722877796
- custom.d2=-1.7778393979259788
- custom.Vinf=14.0
- custom.alpha=3.0
