- run_mode=eval
- custom.d1=-1.2365694535938059
- custom.d2=-1.753023600730015
- custom.Vinf=14.0
- custom.alpha=3.0
