- run_mode=eval
- custom.d1=-0.24328086248358172
- custom.d2=1.1009629168664778
- custom.Vinf=14.0
- custom.alpha=3.0
