- run_mode=eval
- custom.d1=-1.6895365301443845
- custom.d2=0.26521325865896817
- custom.Vinf=14.0
- custom.alpha=3.0
