- run_mode=eval
- custom.d1=-1.464926628909091
- custom.d2=0.07350881600808323
- custom.Vinf=14.0
- custom.alpha=3.0
