- run_mode=eval
- custom.d1=0.20500594858107185
- custom.d2=1.1260913467048992
- custom.Vinf=14.0
- custom.alpha=3.0
