- run_mode=eval
- custom.d1=-1.2992401324486418
- custom.d2=-1.609441277027672
- custom.Vinf=14.0
- custom.alpha=3.0
