- run_mode=eval
- custom.d1=-1.4877228201332764
- custom.d2=-1.2026670154774304
- custom.Vinf=14.0
- custom.alpha=3.0
