- run_mode=eval
- custom.d1=-1.0866913806151548
- custom.d2=-1.8854554426090202
- custom.Vinf=14.0
- custom.alpha=3.0
