- run_mode=eval
- custom.d1=-0.884184550391913
- custom.d2=-0.736614886619801
- custom.Vinf=14.0
- custom.alpha=3.0
