- run_mode=eval
- custom.d1=-1.195091624048128
- custom.d2=-1.8389809648187085
- custom.Vinf=14.0
- custom.alpha=3.0
