- run_mode=eval
- custom.d1=-0.9836546021498123
- custom.d2=1.752390424814548
- custom.Vinf=14.0
- custom.alpha=3.0
