- run_mode=eval
- custom.d1=0.08557734734891814
- custom.d2=1.0706548741819728
- custom.Vinf=14.0
- custom.alpha=3.0
