- run_mode=eval
- custom.d1=-2.057576610178958
- custom.d2=-0.4564683730877168
- custom.Vinf=14.0
- custom.alpha=3.0
