- run_mode=eval
- custom.d1=-1.3770780599983043
- custom.d2=-1.5090238163105418
- custom.Vinf=14.0
- custom.alpha=3.0
