- run_mode=eval
- custom.d1=-1.2579770618450745
- custom.d2=-1.6702763116302455
- custom.Vinf=14.0
- custom.alpha=3.0
