- run_mode=eval
- custom.d1=-1.2275655396053817
- custom.d2=-1.743847858968178
- custom.Vinf=14.0
- custom.alpha=3.0
