- run_mode=eval
- custom.d1=-0.42003879911763253
- custom.d2=2.1140941045383603
- custom.Vinf=14.0
- custom.alpha=3.0
