- run_mode=eval
- custom.d1=-0.33425137952327916
- custom.d2=0.9391106734706822
- custom.Vinf=14.0
- custom.alpha=3.0
