- run_mode=eval
- custom.d1=-1.2459534616648715
- custom.d2=-1.6295469529107136
- custom.Vinf=14.0
- custom.alpha=3.0
