- run_mode=eval
- custom.d1=-1.2392359267956656
- custom.d2=-1.7384968473409732
- custom.Vinf=14.0
- custom.alpha=3.0
