- run_mode=eval
- custom.d1=-1.5066831347557075
- custom.d2=-1.336296086930887
- custom.Vinf=14.0
- custom.alpha=3.0
