- run_mode=eval
- custom.d1=-0.4058489700620661
- custom.d2=1.0565854158083816
- custom.Vinf=14.0
- custom.alpha=3.0
