- run_mode=eval
- custom.d1=-1.3811428453110761
- custom.d2=-0.893024639692069
- custom.Vinf=14.0
- custom.alpha=3.0
