- run_mode=eval
- custom.d1=-2.0497059868946876
- custom.d2=-0.6616496387870012
- custom.Vinf=14.0
- custom.alpha=3.0
