- run_mode=eval
- custom.d1=-2.6743237239704634
- custom.d2=0.06250775294736943
- custom.Vinf=14.0
- custom.alpha=3.0
