- run_mode=eval
- custom.d1=-1.0383030469502232
- custom.d2=-1.884634173744626
- custom.Vinf=14.0
- custom.alpha=3.0
