- run_mode=eval
- custom.d1=-1.2480922944043276
- custom.d2=-1.7414610675746731
- custom.Vinf=14.0
- custom.alpha=3.0
