- run_mode=eval
- custom.d1=0.29500128965105193
- custom.d2=1.5910157142447987
- custom.Vinf=14.0
- custom.alpha=3.0
