- run_mode=eval
- custom.d1=-1.6719047226920294
- custom.d2=-1.2204313573128147
- custom.Vinf=14.0
- custom.alpha=3.0
