- run_mode=eval
- custom.d1=-1.1792185706083382
- custom.d2=-1.6468814852104123
- custom.Vinf=14.0
- custom.alpha=3.0
