- run_mode=eval
- custom.d1=-1.4384082468891037
- custom.d2=-1.4103305609879893
- custom.Vinf=14.0
- custom.alpha=3.0
