- run_mode=eval
- custom.d1=-1.2959886765156834
- custom.d2=-1.6018353928672104
- custom.Vinf=14.0
- custom.alpha=3.0
