- run_mode=eval
- custom.d1=-2.1081992841599253
- custom.d2=0.2743568368212902
- custom.Vinf=14.0
- custom.alpha=3.0
