- run_mode=eval
- custom.d1=-1.225445118415138
- custom.d2=-1.7527888833324146
- custom.Vinf=14.0
- custom.alpha=3.0
