- run_mode=eval
- custom.d1=-0.4847276324102415
- custom.d2=0.4081425935137586
- custom.Vinf=14.0
- custom.alpha=3.0
