- run_mode=eval
- custom.d1=-0.2154527573866878
- custom.d2=1.2662197899433956
- custom.Vinf=14.0
- custom.alpha=3.0
