- run_mode=eval
- custom.d1=-1.224291607278188
- custom.d2=-1.7637375425969068
- custom.Vinf=14.0
- custom.alpha=3.0
