- run_mode=eval
- custom.d1=-0.3799378071653837
- custom.d2=1.4529263960334848
- custom.Vinf=14.0
- custom.alpha=3.0
