- run_mode=eval
- custom.d1=-1.59957584763571
- custom.d2=-1.1125910761487834
- custom.Vinf=14.0
- custom.alpha=3.0
