- run_mode=eval
- custom.d1=-0.9049722482101494
- custom.d2=-0.25396832607545816
- custom.Vinf=14.0
- custom.alpha=3.0
