- run_mode=eval
- custom.d1=-1.1585807411136113
- custom.d2=-1.8618609369567163
- custom.Vinf=14.0
- custom.alpha=3.0
