- run_mode=eval
- custom.d1=-1.6345060309884367
- custom.d2=-0.7745043945605687
- custom.Vinf=14.0
- custom.alpha=3.0
