- run_mode=eval
- custom.d1=-1.1924931181266305
- custom.d2=-1.8384393159411958
- custom.Vinf=14.0
- custom.alpha=3.0
