- run_mode=eval
- custom.d1=-1.2377524505668576
- custom.d2=-1.7663350898300547
- custom.Vinf=14.0
- custom.alpha=3.0
