- run_mode=eval
- custom.d1=0.5189175612684225
- custom.d2=1.3690373605802695
- custom.Vinf=14.0
- custom.alpha=3.0
