- run_mode=eval
- custom.d1=-1.2542906645021341
- custom.d2=-1.6825742288252343
- custom.Vinf=14.0
- custom.alpha=3.0
