- run_mode=eval
- custom.d1=-0.5693922171395996
- custom.d2=-1.4964652709412396
- custom.Vinf=14.0
- custom.alpha=3.0
