- run_mode=eval
- custom.d1=-0.8898243211706499
- custom.d2=-2.0096410238343245
- custom.Vinf=14.0
- custom.alpha=3.0
