- run_mode=eval
- custom.d1=-1.5957073084330067
- custom.d2=-1.1476434314835515
- custom.Vinf=14.0
- custom.alpha=3.0
