- run_mode=eval
- custom.d1=-1.3458706690689917
- custom.d2=-1.5319468086356491
- custom.Vinf=14.0
- custom.alpha=3.0
