- run_mode=eval
- custom.d1=-1.4056943050964952
- custom.d2=2.093668327170276
- custom.Vinf=14.0
- custom.alpha=3.0
