- run_mode=eval
- custom.d1=-1.0864151553917256
- custom.d2=-0.09857346664089119
- custom.Vinf=14.0
- custom.alpha=3.0
