- run_mode=eval
- custom.d1=-1.1938483112427056
- custom.d2=-1.8322345020569535
- custom.Vinf=14.0
- custom.alpha=3.0
