- run_mode=eval
- custom.d1=-1.1955930982665655
- custom.d2=-1.825049969481255
- custom.Vinf=14.0
- custom.alpha=3.0
