- run_mode=eval
- custom.d1=-2.1064064969254446
- custom.d2=1.0425300241757882
- custom.Vinf=14.0
- custom.alpha=3.0
