- run_mode=eval
- custom.d1=-0.7532195091540042
- custom.d2=-1.9007272402349171
- custom.Vinf=14.0
- custom.alpha=3.0
