- run_mode=eval
- custom.d1=-0.3328737428976507
- custom.d2=-2.5925351089138484
- custom.Vinf=14.0
- custom.alpha=3.0
