- run_mode=eval
- custom.d1=-1.9894502858966385
- custom.d2=-0.5656659190580874
- custom.Vinf=14.0
- custom.alpha=3.0
