- run_mode=eval
- custom.d1=-1.252655691118721
- custom.d2=-1.062707284197655
- custom.Vinf=14.0
- custom.alpha=3.0
