- run_mode=eval
- custom.d1=-1.6594876377442824
- custom.d2=-0.44017864995393663
- custom.Vinf=14.0
- custom.alpha=3.0
