- run_mode=eval
- custom.d1=-1.7805251671716453
- custom.d2=-0.17601373051940042
- custom.Vinf=14.0
- custom.alpha=3.0
