- run_mode=eval
- custom.d1=-1.215077443304906
- custom.d2=0.966780325610442
- custom.Vinf=14.0
- custom.alpha=3.0
