- run_mode=eval
- custom.d1=-1.2224679095479416
- custom.d2=-1.7196872631038296
- custom.Vinf=14.0
- custom.alpha=3.0
