- run_mode=eval
- custom.d1=0.5048536094744334
- custom.d2=2.0116865334821137
- custom.Vinf=14.0
- custom.alpha=3.0
