- run_mode=eval
- custom.d1=-1.2158029838084796
- custom.d2=-1.790137640485808
- custom.Vinf=14.0
- custom.alpha=3.0
