- run_mode=eval
- custom.d1=-0.2641564377761702
- custom.d2=1.0852141693610873
- custom.Vinf=14.0
- custom.alpha=3.0
