- run_mode=eval
- custom.d1=-1.1589166702550115
- custom.d2=-1.79251605507559
- custom.Vinf=14.0
- custom.alpha=3.0
