- run_mode=eval
- custom.d1=-1.2172149435933006
- custom.d2=-1.0219122568910262
- custom.Vinf=14.0
- custom.alpha=3.0
