- run_mode=eval
- custom.d1=-0.4226619153352722
- custom.d2=-2.7413606975696823
- custom.Vinf=14.0
- custom.alpha=3.0
