- run_mode=eval
- custom.d1=-0.4437355306842393
- custom.d2=0.3701029726605445
- custom.Vinf=14.0
- custom.alpha=3.0
