- run_mode=eval
- custom.d1=-1.0147134824935857
- custom.d2=2.0537925932699124
- custom.Vinf=14.0
- custom.alpha=3.0
