- run_mode=eval
- custom.d1=-1.1886555951836866
- custom.d2=-1.7424170104291656
- custom.Vinf=14.0
- custom.alpha=3.0
