- run_mode=eval
- custom.d1=-0.19135444201907853
- custom.d2=2.305619899115747
- custom.Vinf=14.0
- custom.alpha=3.0
