- run_mode=eval
- custom.d1=-1.183937163769281
- custom.d2=-1.8226701850514446
- custom.Vinf=14.0
- custom.alpha=3.0
