- run_mode=eval
- custom.d1=-1.2493989328664397
- custom.d2=-1.7144278000210058
- custom.Vinf=14.0
- custom.alpha=3.0
