- run_mode=eval
- custom.d1=-0.4236776882920312
- custom.d2=1.1915480340015034
- custom.Vinf=14.0
- custom.alpha=3.0
