- run_mode=eval
- custom.d1=-1.3602082463507659
- custom.d2=-1.5385734668229136
- custom.Vinf=14.0
- custom.alpha=3.0
