- run_mode=eval
- custom.d1=-1.1959224864951945
- custom.d2=-1.8255510321592676
- custom.Vinf=14.0
- custom.alpha=3.0
