- run_mode=eval
- custom.d1=-1.1466405496971348
- custom.d2=-1.8065690059845785
- custom.Vinf=14.0
- custom.alpha=3.0
