- run_mode=eval
- custom.d1=0.06595422986781041
- custom.d2=3.1395535524700686
- custom.Vinf=14.0
- custom.alpha=3.0
