- run_mode=eval
- custom.d1=-1.344847649237133
- custom.d2=-1.5683153454683356
- custom.Vinf=14.0
- custom.alpha=3.0
