- run_mode=eval
- custom.d1=-1.527721037547892
- custom.d2=-1.366132833218029
- custom.Vinf=14.0
- custom.alpha=3.0
