- run_mode=eval
- custom.d1=-1.2120847488582531
- custom.d2=-1.8059915268115718
- custom.Vinf=14.0
- custom.alpha=3.0
