- run_mode=eval
- custom.d1=-1.1889701334765403
- custom.d2=-1.8267866530026704
- custom.Vinf=14.0
- custom.alpha=3.0
