- run_mode=eval
- custom.d1=-1.573457674095629
- custom.d2=-0.2886693061787564
- custom.Vinf=14.0
- custom.alpha=3.0
