- run_mode=eval
- custom.d1=-1.1513362766162727
- custom.d2=-1.4668069124257346
- custom.Vinf=14.0
- custom.alpha=3.0
