- run_mode=eval
- custom.d1=-1.2550177227583725
- custom.d2=-1.7460481647743795
- custom.Vinf=14.0
- custom.alpha=3.0
