- run_mode=eval
- custom.d1=-1.2158818947244472
- custom.d2=-1.7987637924246953
- custom.Vinf=14.0
- custom.alpha=3.0
