- run_mode=eval
- custom.d1=-1.1678547919554727
- custom.d2=-1.7605634456531902
- custom.Vinf=14.0
- custom.alpha=3.0
