- run_mode=eval
- custom.d1=-1.5881504884938173
- custom.d2=-0.9783190103312129
- custom.Vinf=14.0
- custom.alpha=3.0
