- run_mode=eval
- custom.d1=-1.2388038510274637
- custom.d2=-1.7106410946071056
- custom.Vinf=14.0
- custom.alpha=3.0
