- run_mode=eval
- custom.d1=-0.37591920256062583
- custom.d2=1.8883872136045523
- custom.Vinf=14.0
- custom.alpha=3.0
