- run_mode=eval
- custom.d1=-0.9138618326458438
- custom.d2=-1.943446780097576
- custom.Vinf=14.0
- custom.alpha=3.0
