- run_mode=eval
- custom.d1=-1.6015613944281084
- custom.d2=-0.9394898710947308
- custom.Vinf=14.0
- custom.alpha=3.0
