- run_mode=eval
- custom.d1=0.16280625202041116
- custom.d2=0.86555341605145
- custom.Vinf=14.0
- custom.alpha=3.0
