- run_mode=eval
- custom.d1=-1.4718095075198896
- custom.d2=-0.4039965787313038
- custom.Vinf=14.0
- custom.alpha=3.0
