- run_mode=eval
- custom.d1=-0.867005238729997
- custom.d2=-2.224575179964767
- custom.Vinf=14.0
- custom.alpha=3.0
