- run_mode=eval
- custom.d1=-0.01017669942704319
- custom.d2=1.412019639681217
- custom.Vinf=14.0
- custom.alpha=3.0
