- run_mode=eval
- custom.d1=-0.7049993228447977
- custom.d2=1.5849910827861358
- custom.Vinf=14.0
- custom.alpha=3.0
