- run_mode=eval
- custom.d1=-1.3758191876484
- custom.d2=-0.9962004127287561
- custom.Vinf=14.0
- custom.alpha=3.0
