- run_mode=eval
- custom.d1=-1.1467271409066429
- custom.d2=-1.9329781922235039
- custom.Vinf=14.0
- custom.alpha=3.0
