- run_mode=eval
- custom.d1=-1.1365924937032938
- custom.d2=-0.586778040503733
- custom.Vinf=14.0
- custom.alpha=3.0
