- run_mode=eval
- custom.d1=-0.9975357963205924
- custom.d2=0.7266426393777108
- custom.Vinf=14.0
- custom.alpha=3.0
