- run_mode=eval
- custom.d1=-1.190628119968288
- custom.d2=-1.8179388353423165
- custom.Vinf=14.0
- custom.alpha=3.0
