- run_mode=eval
- custom.d1=-1.2083168265843254
- custom.d2=-1.8133598777245543
- custom.Vinf=14.0
- custom.alpha=3.0
