- run_mode=eval
- custom.d1=-1.901784822864192
- custom.d2=0.12878826749499706
- custom.Vinf=14.0
- custom.alpha=3.0
