- run_mode=eval
- custom.d1=0.07631457578092443
- custom.d2=1.58409184732878
- custom.Vinf=14.0
- custom.alpha=3.0
