- run_mode=eval
- custom.d1=-1.2057725099466268
- custom.d2=-1.8127915143967668
- custom.Vinf=14.0
- custom.alpha=3.0
