- run_mode=eval
- custom.d1=-1.23873102929681
- custom.d2=-1.7531669688650988
- custom.Vinf=14.0
- custom.alpha=3.0
