- run_mode=eval
- custom.d1=0.29500558809387906
- custom.d2=1.6329608851050454
- custom.Vinf=14.0
- custom.alpha=3.0
