- run_mode=eval
- custom.d1=0.13718145466180381
- custom.d2=1.3611148901625099
- custom.Vinf=14.0
- custom.alpha=3.0
