- run_mode=eval
- custom.d1=-1.6423177763449692
- custom.d2=-1.1857074956586724
- custom.Vinf=14.0
- custom.alpha=3.0
