- run_mode=eval
- custom.d1=-1.168940245768995
- custom.d2=-1.8974588071955187
- custom.Vinf=14.0
- custom.alpha=3.0
