- run_mode=eval
- custom.d1=-1.2330282331925093
- custom.d2=-0.47876161179158805
- custom.Vinf=14.0
- custom.alpha=3.0
