- run_mode=eval
- custom.d1=-1.3722869528784258
- custom.d2=-1.48730413732551
- custom.Vinf=14.0
- custom.alpha=3.0
