- run_mode=eval
- custom.d1=-0.9936785609516887
- custom.d2=-1.6407847845420915
- custom.Vinf=14.0
- custom.alpha=3.0
