- run_mode=eval
- custom.d1=-1.1994079664171475
- custom.d2=-1.8041087501407893
- custom.Vinf=14.0
- custom.alpha=3.0
