- run_mode=eval
- custom.d1=-1.243735461053499
- custom.d2=-1.7761896049725154
- custom.Vinf=14.0
- custom.alpha=3.0
