- run_mode=eval
- custom.d1=-1.9364317167205272
- custom.d2=-0.06160384078297271
- custom.Vinf=14.0
- custom.alpha=3.0
