- run_mode=eval
- custom.d1=-1.279715863417609
- custom.d2=-1.6146831290860024
- custom.Vinf=14.0
- custom.alpha=3.0
