- run_mode=eval
- custom.d1=-2.162329964297817
- custom.d2=-0.5377443022146177
- custom.Vinf=14.0
- custom.alpha=3.0
