- run_mode=eval
- custom.d1=-0.7832172846565287
- custom.d2=3.2839269983041985
- custom.Vinf=14.0
- custom.alpha=3.0
