- run_mode=eval
- custom.d1=-1.227107674467665
- custom.d2=-1.7653048071975523
- custom.Vinf=14.0
- custom.alpha=3.0
