- run_mode=eval
- custom.d1=-2.1083691877007746
- custom.d2=-0.34605620046766017
- custom.Vinf=14.0
- custom.alpha=3.0
