- run_mode=eval
- custom.d1=-1.2442707792090972
- custom.d2=-1.7230827197154774
- custom.Vinf=14.0
- custom.alpha=3.0
