- run_mode=eval
- custom.d1=0.2841612034233234
- custom.d2=1.152744449596742
- custom.Vinf=14.0
- custom.alpha=3.0
