- run_mode=eval
- custom.d1=-0.6394834680279757
- custom.d2=1.440015902602603
- custom.Vinf=14.0
- custom.alpha=3.0
