- run_mode=eval
- custom.d1=-1.2586988882555692
- custom.d2=-1.4553064413614005
- custom.Vinf=14.0
- custom.alpha=3.0
