- run_mode=eval
- custom.d1=-1.3542718426076088
- custom.d2=-1.555039853275735
- custom.Vinf=14.0
- custom.alpha=3.0
