- run_mode=eval
- custom.d1=-1.904917061083098
- custom.d2=0.15481778165308624
- custom.Vinf=14.0
- custom.alpha=3.0
