- run_mode=eval
- custom.d1=-1.1604306088875274
- custom.d2=-1.8912110095724795
- custom.Vinf=14.0
- custom.alpha=3.0
