- run_mode=eval
- custom.d1=-1.3216251167356023
- custom.d2=-1.651816084263051
- custom.Vinf=14.0
- custom.alpha=3.0
