- run_mode=eval
- custom.d1=-2.6973856441678508
- custom.d2=2.01212887836183
- custom.Vinf=14.0
- custom.alpha=3.0
