- run_mode=eval
- custom.d1=-0.7323568963340386
- custom.d2=-2.3422749855382747
- custom.Vinf=14.0
- custom.alpha=3.0
