- run_mode=eval
- custom.d1=-0.445533516933456
- custom.d2=1.8460568258720276
- custom.Vinf=14.0
- custom.alpha=3.0
