- run_mode=eval
- custom.d1=-1.314602178702657
- custom.d2=-1.3756281237672412
- custom.Vinf=14.0
- custom.alpha=3.0
