- run_mode=eval
- custom.d1=-0.7034950697857624
- custom.d2=1.6276610699867768
- custom.Vinf=14.0
- custom.alpha=3.0
