- run_mode=eval
- custom.d1=-1.3918919512894903
- custom.d2=-0.06999177809969559
- custom.Vinf=14.0
- custom.alpha=3.0
