- run_mode=eval
- custom.d1=-0.6630687754538194
- custom.d2=1.780167785442185
- custom.Vinf=14.0
- custom.alpha=3.0
