- run_mode=eval
- custom.d1=-0.10115402844407115
- custom.d2=1.1083881167885845
- custom.Vinf=14.0
- custom.alpha=3.0
