- run_mode=eval
- custom.d1=-1.2370997594627207
- custom.d2=-1.7590993621133921
- custom.Vinf=14.0
- custom.alpha=3.0
