- run_mode=eval
- custom.d1=-0.23139199511480224
- custom.d2=1.1259565747909974
- custom.Vinf=14.0
- custom.alpha=3.0
