- run_mode=eval
- custom.d1=-1.2121611617652557
- custom.d2=-1.8062784519114925
- custom.Vinf=14.0
- custom.alpha=3.0
