- run_mode=eval
- custom.d1=-0.21031916926390612
- custom.d2=0.8690669732140552
- custom.Vinf=14.0
- custom.alpha=3.0
