- run_mode=eval
- custom.d1=-1.1579731003220117
- custom.d2=-1.895615936870957
- custom.Vinf=14.0
- custom.alpha=3.0
