- run_mode=eval
- custom.d1=-1.4973306758056752
- custom.d2=-1.2030209237163236
- custom.Vinf=14.0
- custom.alpha=3.0
