- run_mode=eval
- custom.d1=-1.0544256209859277
- custom.d2=-1.9975340092523015
- custom.Vinf=14.0
- custom.alpha=3.0
