- run_mode=eval
- custom.d1=-1.233327645360794
- custom.d2=-1.7375342389546
- custom.Vinf=14.0
- custom.alpha=3.0
