- run_mode=eval
- custom.d1=-1.2571775167398966
- custom.d2=-1.7152259210238459
- custom.Vinf=14.0
- custom.alpha=3.0
