- run_mode=eval
- custom.d1=-1.7865295639388858
- custom.d2=-0.30090795355579436
- custom.Vinf=14.0
- custom.alpha=3.0
