- run_mode=eval
- custom.d1=-1.838357810207008
- custom.d2=-0.040432911333385946
- custom.Vinf=14.0
- custom.alpha=3.0
