- run_mode=eval
- custom.d1=-0.5302713984417269
- custom.d2=1.8172708734998126
- custom.Vinf=14.0
- custom.alpha=3.0
