- run_mode=eval
- custom.d1=-0.49065240054773684
- custom.d2=2.3681961960944533
- custom.Vinf=14.0
- custom.alpha=3.0
