- run_mode=eval
- custom.d1=-1.3166718706683456
- custom.d2=-1.6599313894381496
- custom.Vinf=14.0
- custom.alpha=3.0
