- run_mode=eval
- custom.d1=-1.8235161151247992
- custom.d2=-0.5824203598060648
- custom.Vinf=14.0
- custom.alpha=3.0
