- run_mode=eval
- custom.d1=-1.2031685453336536
- custom.d2=-1.8203704644296872
- custom.Vinf=14.0
- custom.alpha=3.0
