- run_mode=eval
- custom.d1=-1.2179291206307579
- custom.d2=-1.7821646374208027
- custom.Vinf=14.0
- custom.alpha=3.0
