- run_mode=eval
- custom.d1=-2.1072652271768826
- custom.d2=-0.4854919096454088
- custom.Vinf=14.0
- custom.alpha=3.0
