- run_mode=eval
- custom.d1=-1.2125100209032986
- custom.d2=-1.7784846286468283
- custom.Vinf=14.0
- custom.alpha=3.0
