- run_mode=eval
- custom.d1=0.021703937329961343
- custom.d2=1.4298563849501411
- custom.Vinf=14.0
- custom.alpha=3.0
