- run_mode=eval
- custom.d1=-0.4416841908098693
- custom.d2=-0.3628149371604309
- custom.Vinf=14.0
- custom.alpha=3.0
