- run_mode=eval
- custom.d1=-0.9992768731595922
- custom.d2=-2.02939769919818
- custom.Vinf=14.0
- custom.alpha=3.0
