- run_mode=eval
- custom.d1=-0.4253907827330192
- custom.d2=1.1551749912890994
- custom.Vinf=14.0
- custom.alpha=3.0
