- run_mode=eval
- custom.d1=-2.033609720434972
- custom.d2=-0.847381261193339
- custom.Vinf=14.0
- custom.alpha=3.0
