- run_mode=eval
- custom.d1=-0.14152959619781552
- custom.d2=1.686213719448615
- custom.Vinf=14.0
- custom.alpha=3.0
