- run_mode=eval
- custom.d1=-0.7015814484385744
- custom.d2=-1.3895590002172369
- custom.Vinf=14.0
- custom.alpha=3.0
