- run_mode=eval
- custom.d1=-1.2047043371431558
- custom.d2=-1.8001601936405276
- custom.Vinf=14.0
- custom.alpha=3.0
