- run_mode=eval
- custom.d1=-1.4995756282585695
- custom.d2=3.1234023546849876
- custom.Vinf=14.0
- custom.alpha=3.0
