- run_mode=eval
- custom.d1=-0.725706980480978
- custom.d2=-2.2938165652729867
- custom.Vinf=14.0
- custom.alpha=3.0
