- run_mode=eval
- custom.d1=-1.2408371668426696
- custom.d2=-1.7222773888632443
- custom.Vinf=14.0
- custom.alpha=3.0
