- run_mode=eval
- custom.d1=-0.9254577003332094
- custom.d2=-1.9639524975734322
- custom.Vinf=14.0
- custom.alpha=3.0
