- run_mode=eval
- custom.d1=-1.9609376097807956
- custom.d2=0.1526367313792356
- custom.Vinf=14.0
- custom.alpha=3.0
