- run_mode=eval
- custom.d1=-0.6232506186019466
- custom.d2=2.0138121385944996
- custom.Vinf=14.0
- custom.alpha=3.0
