- run_mode=eval
- custom.d1=-1.1800193977034559
- custom.d2=-1.8560559383752449
- custom.Vinf=14.0
- custom.alpha=3.0
