- run_mode=eval
- custom.d1=-1.2699391501890445
- custom.d2=0.21529412174497609
- custom.Vinf=14.0
- custom.alpha=3.0
