- run_mode=eval
- custom.d1=-0.6344448635189992
- custom.d2=-2.1007273639875343
- custom.Vinf=14.0
- custom.alpha=3.0
