- run_mode=eval
- custom.d1=0.2905839284299947
- custom.d2=2.354997053667174
- custom.Vinf=14.0
- custom.alpha=3.0
