- run_mode=eval
- custom.d1=-0.5301086947022022
- custom.d2=2.0471638848019458
- custom.Vinf=14.0
- custom.alpha=3.0
