- run_mode=eval
- custom.d1=-1.7850509169538984
- custom.d2=-0.976421622101986
- custom.Vinf=14.0
- custom.alpha=3.0
