- run_mode=eval
- custom.d1=-1.0983522417234428
- custom.d2=-0.3927588910674643
- custom.Vinf=14.0
- custom.alpha=3.0
