- run_mode=eval
- custom.d1=0.18224940010322183
- custom.d2=1.8230809079048076
- custom.Vinf=14.0
- custom.alpha=3.0
