- run_mode=eval
- custom.d1=-1.8050780639312798
- custom.d2=-0.8131760671404674
- custom.Vinf=14.0
- custom.alpha=3.0
