- run_mode=eval
- custom.d1=-1.1493855602201657
- custom.d2=-1.899574851706653
- custom.Vinf=14.0
- custom.alpha=3.0
