- run_mode=eval
- custom.d1=-1.4463321781066112
- custom.d2=0.7451133174923172
- custom.Vinf=14.0
- custom.alpha=3.0
