- run_mode=eval
- custom.d1=-1.2116873671696797
- custom.d2=-1.802316046723704
- custom.Vinf=14.0
- custom.alpha=3.0
