- run_mode=eval
- custom.d1=-0.20582942267670823
- custom.d2=1.6270257201965577
- custom.Vinf=14.0
- custom.alpha=3.0
