- run_mode=eval
- custom.d1=-1.1782083486795638
- custom.d2=-1.7104999078521563
- custom.Vinf=14.0
- custom.alpha=3.0
