- run_mode=eval
- custom.d1=-0.2554772711654927
- custom.d2=-2.8462043702741275
- custom.Vinf=14.0
- custom.alpha=3.0
