- run_mode=eval
- custom.d1=0.7620817154103567
- custom.d2=1.6225062284996457
- custom.Vinf=14.0
- custom.alpha=3.0
