- run_mode=eval
- custom.d1=-1.3070408515826362
- custom.d2=-1.1178280209002824
- custom.Vinf=14.0
- custom.alpha=3.0
