- run_mode=eval
- custom.d1=-1.7542346759459537
- custom.d2=0.5014881322164488
- custom.Vinf=14.0
- custom.alpha=3.0
