- run_mode=eval
- custom.d1=-1.215302856905706
- custom.d2=-1.7334372567703087
- custom.Vinf=14.0
- custom.alpha=3.0
