- run_mode=eval
- custom.d1=-1.559351942415264
- custom.d2=-1.2738573662224149
- custom.Vinf=14.0
- custom.alpha=3.0
