- run_mode=eval
- custom.d1=-0.056139473642306564
- custom.d2=1.228458300024694
- custom.Vinf=14.0
- custom.alpha=3.0
