- run_mode=eval
- custom.d1=-2.076141409246012
- custom.d2=-0.03405742683598667
- custom.Vinf=14.0
- custom.alpha=3.0
