- run_mode=eval
- custom.d1=-2.1980878263240853
- custom.d2=-0.11428314598532507
- custom.Vinf=14.0
- custom.alpha=3.0
