- run_mode=eval
- custom.d1=-1.1778457942691225
- custom.d2=-1.6477724174776838
- custom.Vinf=14.0
- custom.alpha=3.0
