- run_mode=eval
- custom.d1=-0.494397017687924
- custom.d2=1.1856589769876211
- custom.Vinf=14.0
- custom.alpha=3.0
