- run_mode=eval
- custom.d1=0.46250325228801054
- custom.d2=2.010835768747145
- custom.Vinf=14.0
- custom.alpha=3.0
