- run_mode=eval
- custom.d1=-0.7705915260340643
- custom.d2=1.1071976103543495
- custom.Vinf=14.0
- custom.alpha=3.0
