- run_mode=eval
- custom.d1=-1.24493826295466
- custom.d2=-1.4423801347203389
- custom.Vinf=14.0
- custom.alpha=3.0
