- run_mode=eval
- custom.d1=-0.603159920666466
- custom.d2=1.1327661066149601
- custom.Vinf=14.0
- custom.alpha=3.0
