- run_mode=eval
- custom.d1=-0.5920800325933515
- custom.d2=-0.22637814231041342
- custom.Vinf=14.0
- custom.alpha=3.0
