- run_mode=eval
- custom.d1=-0.9400728390060975
- custom.d2=0.21031885977874254
- custom.Vinf=14.0
- custom.alpha=3.0
