- run_mode=eval
- custom.d1=-1.18539734854668
- custom.d2=-1.7124984620630834
- custom.Vinf=14.0
- custom.alpha=3.0
