- run_mode=eval
- custom.d1=-1.150456415087394
- custom.d2=-1.81815267736287
- custom.Vinf=14.0
- custom.alpha=3.0
