- run_mode=eval
- custom.d1=-1.2404743657372665
- custom.d2=-1.753069884309603
- custom.Vinf=14.0
- custom.alpha=3.0
