- run_mode=eval
- custom.d1=-1.2003233941191498
- custom.d2=-1.6157578292439507
- custom.Vinf=14.0
- custom.alpha=3.0
