- run_mode=eval
- custom.d1=-1.7656211015358765
- custom.d2=-0.03398872447452306
- custom.Vinf=14.0
- custom.alpha=3.0
