- run_mode=eval
- custom.d1=-0.1971050533130455
- custom.d2=0.9081188669500818
- custom.Vinf=14.0
- custom.alpha=3.0
