- run_mode=eval
- custom.d1=-1.3539990620068594
- custom.d2=-1.3804547905193811
- custom.Vinf=14.0
- custom.alpha=3.0
