- run_mode=eval
- custom.d1=-0.6958138081474561
- custom.d2=2.290127731027244
- custom.Vinf=14.0
- custom.alpha=3.0
