- run_mode=eval
- custom.d1=-0.5325136123756201
- custom.d2=0.9398676575908019
- custom.Vinf=14.0
- custom.alpha=3.0
