- run_mode=eval
- custom.d1=-1.7643375167209232
- custom.d2=-1.111239702393711
- custom.Vinf=14.0
- custom.alpha=3.0
