- run_mode=eval
- custom.d1=-1.1619766432399103
- custom.d2=-1.8649155365839545
- custom.Vinf=14.0
- custom.alpha=3.0
