- run_mode=eval
- custom.d1=-0.8927328637519862
- custom.d2=-1.8348942366708374
- custom.Vinf=14.0
- custom.alpha=3.0
