- run_mode=eval
- custom.d1=-1.0153598704764786
- custom.d2=-0.5111380617859982
- custom.Vinf=14.0
- custom.alpha=3.0
