- run_mode=eval
- custom.d1=-1.229750156322158
- custom.d2=-1.7749330500736626
- custom.Vinf=14.0
- custom.alpha=3.0
