- run_mode=eval
- custom.d1=-1.2086170486144596
- custom.d2=-1.7490630663635927
- custom.Vinf=14.0
- custom.alpha=3.0
