- run_mode=eval
- custom.d1=-1.129618768463988
- custom.d2=-0.9297205487448569
- custom.Vinf=14.0
- custom.alpha=3.0
