- run_mode=eval
- custom.d1=-1.6625172617086017
- custom.d2=-0.9502084048612602
- custom.Vinf=14.0
- custom.alpha=3.0
