- run_mode=eval
- custom.d1=-1.1766618075862614
- custom.d2=-1.8640885715936824
- custom.Vinf=14.0
- custom.alpha=3.0
