- run_mode=eval
- custom.d1=0.6197854622657875
- custom.d2=0.7672662371080893
- custom.Vinf=14.0
- custom.alpha=3.0
