- run_mode=eval
- custom.d1=-0.617554320056187
- custom.d2=-2.040972965692463
- custom.Vinf=14.0
- custom.alpha=3.0
