- run_mode=eval
- custom.d1=-1.1767187448852046
- custom.d2=-1.851865543940743
- custom.Vinf=14.0
- custom.alpha=3.0
