- run_mode=eval
- custom.d1=-0.9306782355043665
- custom.d2=-2.1254182091335263
- custom.Vinf=14.0
- custom.alpha=3.0
