- run_mode=eval
- custom.d1=-1.2627311350935266
- custom.d2=-1.720182854839756
- custom.Vinf=14.0
- custom.alpha=3.0
