- run_mode=eval
- custom.d1=-1.242155713435575
- custom.d2=0.7255248777682579
- custom.Vinf=14.0
- custom.alpha=3.0
