- run_mode=eval
- custom.d1=-0.17423876526684184
- custom.d2=1.2523228980528145
- custom.Vinf=14.0
- custom.alpha=3.0
