- run_mode=eval
- custom.d1=-1.2288460449090315
- custom.d2=-1.7490007218016452
- custom.Vinf=14.0
- custom.alpha=3.0
