- run_mode=eval
- custom.d1=-1.1510460479628053
- custom.d2=-1.5780924483866001
- custom.Vinf=14.0
- custom.alpha=3.0
