- run_mode=eval
- custom.d1=-1.182686538534722
- custom.d2=-1.846008001609344
- custom.Vinf=14.0
- custom.alpha=3.0
