- run_mode=eval
- custom.d1=-0.32546468374196724
- custom.d2=-2.782868822473315
- custom.Vinf=14.0
- custom.alpha=3.0
