- run_mode=eval
- custom.d1=-0.9841815660636373
- custom.d2=0.41153725126446083
- custom.Vinf=14.0
- custom.alpha=3.0
