- run_mode=eval
- custom.d1=-1.2112201282766932
- custom.d2=-1.814613407654962
- custom.Vinf=14.0
- custom.alpha=3.0
