- run_mode=eval
- custom.d1=-0.2606814089758456
- custom.d2=1.9470800674269189
- custom.Vinf=14.0
- custom.alpha=3.0
