- run_mode=eval
- custom.d1=-1.0988298173898543
- custom.d2=1.2017007633059156
- custom.Vinf=14.0
- custom.alpha=3.0
