- run_mode=eval
- custom.d1=-1.2139242482862087
- custom.d2=-1.7708658568115456
- custom.Vinf=14.0
- custom.alpha=3.0
