- run_mode=eval
- custom.d1=-1.2766623661633874
- custom.d2=-1.644435446683632
- custom.Vinf=14.0
- custom.alpha=3.0
