- run_mode=eval
- custom.d1=-0.6418787458220157
- custom.d2=1.0174294923075324
- custom.Vinf=14.0
- custom.alpha=3.0
