- run_mode=eval
- custom.d1=-0.7520244958221219
- custom.d2=1.8502491892128314
- custom.Vinf=14.0
- custom.alpha=3.0
