- run_mode=eval
- custom.d1=-1.4716051072895078
- custom.d2=-1.3807307576941283
- custom.Vinf=14.0
- custom.alpha=3.0
