- run_mode=eval
- custom.d1=-1.2165965312828428
- custom.d2=-1.775490534470281
- custom.Vinf=14.0
- custom.alpha=3.0
