- run_mode=eval
- custom.d1=-1.1881863529330878
- custom.d2=-1.837476556109185
- custom.Vinf=14.0
- custom.alpha=3.0
