- run_mode=eval
- custom.d1=-1.5461536780819733
- custom.d2=-1.0713142796520196
- custom.Vinf=14.0
- custom.alpha=3.0
