- run_mode=eval
- custom.d1=-1.2336769825171248
- custom.d2=-1.7715938576698624
- custom.Vinf=14.0
- custom.alpha=3.0
