- run_mode=eval
- custom.d1=-1.1795684061550187
- custom.d2=-1.7608823319184541
- custom.Vinf=14.0
- custom.alpha=3.0
