- run_mode=eval
- custom.d1=-2.806190341043817
- custom.d2=0.4221343940734912
- custom.Vinf=14.0
- custom.alpha=3.0
