- run_mode=eval
- custom.d1=-1.3477942787602364
- custom.d2=2.9873834394565173
- custom.Vinf=14.0
- custom.alpha=3.0
