- run_mode=eval
- custom.d1=-1.2404141827680075
- custom.d2=-1.761975983980419
- custom.Vinf=14.0
- custom.alpha=3.0
