- run_mode=eval
- custom.d1=-1.2978444855514184
- custom.d2=-1.6169914017379883
- custom.Vinf=14.0
- custom.alpha=3.0
