- run_mode=eval
- custom.d1=-0.9000674053435087
- custom.d2=1.5751794875248193
- custom.Vinf=14.0
- custom.alpha=3.0
