- run_mode=eval
- custom.d1=-1.5297125668600973
- custom.d2=-1.4013199488001327
- custom.Vinf=14.0
- custom.alpha=3.0
