- run_mode=eval
- custom.d1=-0.9010477242939792
- custom.d2=-1.9257722954330236
- custom.Vinf=14.0
- custom.alpha=3.0
