- run_mode=eval
- custom.d1=-1.1828805482816398
- custom.d2=-1.835632199097255
- custom.Vinf=14.0
- custom.alpha=3.0
