- run_mode=eval
- custom.d1=-1.950447427099562
- custom.d2=-0.3523358654467057
- custom.Vinf=14.0
- custom.alpha=3.0
