- run_mode=eval
- custom.d1=-0.8047220325890221
- custom.d2=-2.2009864592583344
- custom.Vinf=14.0
- custom.alpha=3.0
