- run_mode=eval
- custom.d1=-1.0695192233503081
- custom.d2=-0.5284145685824491
- custom.Vinf=14.0
- custom.alpha=3.0
