- run_mode=eval
- custom.d1=-2.6095174897692788
- custom.d2=1.0465503202095772
- custom.Vinf=14.0
- custom.alpha=3.0
