- run_mode=eval
- custom.d1=-2.0912548910686244
- custom.d2=-0.5437838801459398
- custom.Vinf=14.0
- custom.alpha=3.0
