- run_mode=eval
- custom.d1=-1.369798944023054
- custom.d2=-1.5223499101515392
- custom.Vinf=14.0
- custom.alpha=3.0
