- run_mode=eval
- custom.d1=-1.4826582208237808
- custom.d2=1.8736236644317474
- custom.Vinf=14.0
- custom.alpha=3.0
