- run_mode=eval
- custom.d1=-1.4567879203350007
- custom.d2=0.07826795694765526
- custom.Vinf=14.0
- custom.alpha=3.0
