- run_mode=eval
- custom.d1=-0.23675147526658658
- custom.d2=2.586167816613612
- custom.Vinf=14.0
- custom.alpha=3.0
