- run_mode=eval
- custom.d1=-0.8715719212540012
- custom.d2=-0.8676622169787267
- custom.Vinf=14.0
- custom.alpha=3.0
