- run_mode=eval
- custom.d1=-1.851397599230531
- custom.d2=-0.3169299101965385
- custom.Vinf=14.0
- custom.alpha=3.0
