- run_mode=eval
- custom.d1=-2.183669803032706
- custom.d2=-0.10360547991676267
- custom.Vinf=14.0
- custom.alpha=3.0
