- run_mode=eval
- custom.d1=-0.15110324354269772
- custom.d2=1.7008452986221867
- custom.Vinf=14.0
- custom.alpha=3.0
