- run_mode=eval
- custom.d1=-2.2000472399496447
- custom.d2=0.5952982731998031
- custom.Vinf=14.0
- custom.alpha=3.0
