- run_mode=eval
- custom.d1=-1.9667568025003668
- custom.d2=-0.5220717413984411
- custom.Vinf=14.0
- custom.alpha=3.0
